[Physical]
t = 1
t_bar = 0.5
lambda = 3.1
first_vertex = 1.5
second_vertex = 0.8
outher_vertex = -1


[Simulation]
seed = 25
n = 100
m = 50
alpha = 1
repeats = 10
delta = 0.08
samples = 100
samples_spacing = 1000000000


[Values]
eta_a = 0.020000
eta_b = 0.020000


[Stats]
accepted = 0.001199
accepted_e = 0.214404
calc_time = 4009648
