[Physical]
t_bar = 0.09998000399920015
lambda = 0.1
start_path = RIGTH


[Simulation]
seed = 433572
n = 5001
repeats = 10
delta = 0.48531819564397566
samples = 1000
samples_spacing = 1000


[Values]
eta_0 = 0.002000
eta_d = 0.020000


[Stats]
accepted = 0.364338
calc_time = 6943314
