[Physical]
t_bar = 0.15847860538827258
lambda = 0.1
start_path = RIGTH


[Simulation]
seed = 254298
n = 3155
repeats = 10
delta = 0.48525709418972324
samples = 1000
samples_spacing = 1000


[Values]
eta_0 = 0.002000
eta_d = 0.020000


[Stats]
accepted = 0.364178
calc_time = 4446542
