[Physical]
t_bar = 10.0
lambda = 0.1
start_path = RIGTH


[Simulation]
seed = 998191
n = 50
repeats = 10
delta = 0.4858447923846013
samples = 1000
samples_spacing = 1000


[Values]
eta_0 = 0.002000
eta_d = 0.020000


[Stats]
accepted = 0.362415
calc_time = 69503
