[Physical]
t_bar = 0.25113008538422904
lambda = 0.1
start_path = RIGTH


[Simulation]
seed = 686334
n = 1991
repeats = 10
delta = 0.4853346543955538
samples = 1000
samples_spacing = 1000


[Values]
eta_0 = 0.002000
eta_d = 0.020000


[Stats]
accepted = 0.363914
calc_time = 2898011
