[Physical]
t_bar = 0.3980891719745222
lambda = 0.1
start_path = RIGTH


[Simulation]
seed = 866486
n = 1256
repeats = 10
delta = 0.48528005552447356
samples = 1000
samples_spacing = 1000


[Values]
eta_0 = 0.002000
eta_d = 0.020000


[Stats]
accepted = 0.363806
calc_time = 1863581
