[Physical]
t_bar = 0.6305170239596468
lambda = 0.1
start_path = RIGTH


[Simulation]
seed = 649015
n = 793
repeats = 10
delta = 0.4852302184232155
samples = 1000
samples_spacing = 1000


[Values]
eta_0 = 0.002000
eta_d = 0.020000


[Stats]
accepted = 0.363650
calc_time = 1165638
