[Physical]
t_bar = 0.998003992015968
lambda = 0.1
start_path = RIGTH


[Simulation]
seed = 276207
n = 501
repeats = 10
delta = 0.48534487435403817
samples = 1000
samples_spacing = 1000


[Values]
eta_0 = 0.002000
eta_d = 0.020000


[Stats]
accepted = 0.363267
calc_time = 739755
