[Physical]
t_bar = 1.582278481012658
lambda = 0.1
start_path = RIGTH


[Simulation]
seed = 355026
n = 316
repeats = 10
delta = 0.4854077271793362
samples = 1000
samples_spacing = 1000


[Values]
eta_0 = 0.002000
eta_d = 0.020000


[Stats]
accepted = 0.362968
calc_time = 468273
