[Physical]
t_bar = 2.5
lambda = 0.1
start_path = RIGTH


[Simulation]
seed = 639427
n = 200
repeats = 10
delta = 0.48554010035697825
samples = 1000
samples_spacing = 1000


[Values]
eta_0 = 0.002000
eta_d = 0.020000


[Stats]
accepted = 0.362640
calc_time = 296763
