[Physical]
t_bar = 3.9682539682539684
lambda = 0.1
start_path = RIGTH


[Simulation]
seed = 500784
n = 126
repeats = 10
delta = 0.4854216947392866
samples = 1000
samples_spacing = 1000


[Values]
eta_0 = 0.002000
eta_d = 0.020000


[Stats]
accepted = 0.362738
calc_time = 184772
