[Physical]
t_bar = 6.249999999999999
lambda = 0.1
start_path = RIGTH


[Simulation]
seed = 624844
n = 80
repeats = 10
delta = 0.4853311197967864
samples = 1000
samples_spacing = 1000


[Values]
eta_0 = 0.002000
eta_d = 0.020000


[Stats]
accepted = 0.362667
calc_time = 117648
