[Physical]
t_bar = 0.0998003992015968
lambda = 10.0
start_path = RIGTH


[Simulation]
seed = 569908
n = 501
repeats = 10
delta = 0.01615817142857143
samples = 1000
samples_spacing = 1000


[Values]
eta_0 = 0.020000
eta_d = 0.002000


[Stats]
accepted = 0.345467
calc_time = 748030
