[Physical]
t_bar = 8.333333333333334
lambda = 10.0
start_path = RIGTH


[Simulation]
seed = 232985
n = 6
repeats = 10
delta = 0.016065600000000003
samples = 1000
samples_spacing = 1000


[Values]
eta_0 = 0.020000
eta_d = 0.002000


[Stats]
accepted = 0.347513
calc_time = 8688
