[Physical]
t_bar = 0.1582278481012658
lambda = 10.0
start_path = RIGTH


[Simulation]
seed = 406122
n = 316
repeats = 10
delta = 0.0161344
samples = 1000
samples_spacing = 1000


[Values]
eta_0 = 0.020000
eta_d = 0.002000


[Stats]
accepted = 0.346111
calc_time = 466290
