[Physical]
t_bar = 0.25
lambda = 10.0
start_path = RIGTH


[Simulation]
seed = 206054
n = 200
repeats = 10
delta = 0.01612457142857143
samples = 1000
samples_spacing = 1000


[Values]
eta_0 = 0.020000
eta_d = 0.002000


[Stats]
accepted = 0.346397
calc_time = 299517
