[Physical]
t_bar = 0.3968253968253968
lambda = 10.0
start_path = RIGTH


[Simulation]
seed = 796656
n = 126
repeats = 10
delta = 0.016086628571428573
samples = 1000
samples_spacing = 1000


[Values]
eta_0 = 0.020000
eta_d = 0.002000


[Stats]
accepted = 0.347291
calc_time = 193305
