[Physical]
t_bar = 0.625
lambda = 10.0
start_path = RIGTH


[Simulation]
seed = 425813
n = 80
repeats = 10
delta = 0.01620777142857143
samples = 1000
samples_spacing = 1000


[Values]
eta_0 = 0.020000
eta_d = 0.002000


[Stats]
accepted = 0.344830
calc_time = 122918
