[Physical]
t_bar = 0.9803921568627451
lambda = 10.0
start_path = RIGTH


[Simulation]
seed = 983281
n = 51
repeats = 10
delta = 0.01616342857142857
samples = 1000
samples_spacing = 1000


[Values]
eta_0 = 0.020000
eta_d = 0.002000


[Stats]
accepted = 0.345387
calc_time = 78899
