[Physical]
t_bar = 1.5625
lambda = 10.0
start_path = RIGTH


[Simulation]
seed = 115340
n = 32
repeats = 10
delta = 0.01614217142857143
samples = 1000
samples_spacing = 1000


[Values]
eta_0 = 0.020000
eta_d = 0.002000


[Stats]
accepted = 0.346107
calc_time = 48232
