[Physical]
t_bar = 2.5
lambda = 10.0
start_path = RIGTH


[Simulation]
seed = 776806
n = 20
repeats = 10
delta = 0.0160928
samples = 1000
samples_spacing = 1000


[Values]
eta_0 = 0.020000
eta_d = 0.002000


[Stats]
accepted = 0.347114
calc_time = 31868
