[Physical]
t_bar = 3.846153846153846
lambda = 10.0
start_path = RIGTH


[Simulation]
seed = 810216
n = 13
repeats = 10
delta = 0.01614057142857143
samples = 1000
samples_spacing = 1000


[Values]
eta_0 = 0.020000
eta_d = 0.002000


[Stats]
accepted = 0.346708
calc_time = 20974
