[Physical]
t_bar = 6.25
lambda = 10.0
start_path = RIGTH


[Simulation]
seed = 279303
n = 8
repeats = 10
delta = 0.016258285714285715
samples = 1000
samples_spacing = 1000


[Values]
eta_0 = 0.020000
eta_d = 0.002000


[Stats]
accepted = 0.343874
calc_time = 12843
