[Physical]
t_bar = 0.09999324001270891
lambda = 0.15848931924611134
start_path = RIGTH


[Simulation]
seed = 855625
n = 3155
repeats = 10
delta = 0.3922435123524612
samples = 1000
samples_spacing = 1000


[Values]
eta_0 = 0.003170
eta_d = 0.020000


[Stats]
accepted = 0.355844
calc_time = 4300423
