[Physical]
t_bar = 0.15845237179311733
lambda = 0.15848931924611134
start_path = RIGTH


[Simulation]
seed = 660894
n = 1991
repeats = 10
delta = 0.39221335859132506
samples = 1000
samples_spacing = 1000


[Values]
eta_0 = 0.003170
eta_d = 0.020000


[Stats]
accepted = 0.356071
calc_time = 2723978
