[Physical]
t_bar = 9.85870850750302
lambda = 0.15848931924611134
start_path = RIGTH


[Simulation]
seed = 711739
n = 32
repeats = 10
delta = 0.3915081530815813
samples = 1000
samples_spacing = 1000


[Values]
eta_0 = 0.003170
eta_d = 0.020000


[Stats]
accepted = 0.357498
calc_time = 49672
