[Physical]
t_bar = 0.25117728681536355
lambda = 0.15848931924611134
start_path = RIGTH


[Simulation]
seed = 464550
n = 1256
repeats = 10
delta = 0.3922284336662405
samples = 1000
samples_spacing = 1000


[Values]
eta_0 = 0.003170
eta_d = 0.020000


[Stats]
accepted = 0.356236
calc_time = 1742445
