[Physical]
t_bar = 0.3978293470871332
lambda = 0.15848931924611134
start_path = RIGTH


[Simulation]
seed = 793507
n = 793
repeats = 10
delta = 0.3921846691183705
samples = 1000
samples_spacing = 1000


[Values]
eta_0 = 0.003170
eta_d = 0.020000


[Stats]
accepted = 0.356468
calc_time = 1110969
