[Physical]
t_bar = 0.6309573444801932
lambda = 0.15848931924611134
start_path = RIGTH


[Simulation]
seed = 386404
n = 500
repeats = 10
delta = 0.39211141396339994
samples = 1000
samples_spacing = 1000


[Values]
eta_0 = 0.003170
eta_d = 0.020000


[Stats]
accepted = 0.356706
calc_time = 668412
