[Physical]
t_bar = 0.9983502286079007
lambda = 0.15848931924611134
start_path = RIGTH


[Simulation]
seed = 334752
n = 316
repeats = 10
delta = 0.39224546136410554
samples = 1000
samples_spacing = 1000


[Values]
eta_0 = 0.003170
eta_d = 0.020000


[Stats]
accepted = 0.356741
calc_time = 421644
