[Physical]
t_bar = 1.5773933612004831
lambda = 0.15848931924611134
start_path = RIGTH


[Simulation]
seed = 504502
n = 200
repeats = 10
delta = 0.3920993177986401
samples = 1000
samples_spacing = 1000


[Values]
eta_0 = 0.003170
eta_d = 0.020000


[Stats]
accepted = 0.356978
calc_time = 266593
