[Physical]
t_bar = 2.5037989860325127
lambda = 0.15848931924611134
start_path = RIGTH


[Simulation]
seed = 753347
n = 126
repeats = 10
delta = 0.39213667308508937
samples = 1000
samples_spacing = 1000


[Values]
eta_0 = 0.003170
eta_d = 0.020000


[Stats]
accepted = 0.357073
calc_time = 167954
