[Physical]
t_bar = 3.943483403001208
lambda = 0.15848931924611134
start_path = RIGTH


[Simulation]
seed = 342921
n = 80
repeats = 10
delta = 0.39270935667072787
samples = 1000
samples_spacing = 1000


[Values]
eta_0 = 0.003170
eta_d = 0.020000


[Stats]
accepted = 0.356553
calc_time = 106674
