[Physical]
t_bar = 6.185856318433267
lambda = 0.15848931924611134
start_path = RIGTH


[Simulation]
seed = 523088
n = 51
repeats = 10
delta = 0.39182971735524963
samples = 1000
samples_spacing = 1000


[Values]
eta_0 = 0.003170
eta_d = 0.020000


[Stats]
accepted = 0.356926
calc_time = 69022
