[Physical]
t_bar = 0.0999766877331736
lambda = 0.251188643150958
start_path = RIGTH


[Simulation]
seed = 228805
n = 1991
repeats = 10
delta = 0.28192307755885715
samples = 1000
samples_spacing = 1000


[Values]
eta_0 = 0.005024
eta_d = 0.020000


[Stats]
accepted = 0.390810
calc_time = 2677461
