[Physical]
t_bar = 0.15848215388276163
lambda = 0.251188643150958
start_path = RIGTH


[Simulation]
seed = 711497
n = 1256
repeats = 10
delta = 0.28189514539102045
samples = 1000
samples_spacing = 1000


[Values]
eta_0 = 0.005024
eta_d = 0.020000


[Stats]
accepted = 0.390811
calc_time = 1677383
