[Physical]
t_bar = 9.952679263837432
lambda = 0.251188643150958
start_path = RIGTH


[Simulation]
seed = 753151
n = 20
repeats = 10
delta = 0.2819889601293062
samples = 1000
samples_spacing = 1000


[Values]
eta_0 = 0.005024
eta_d = 0.020000


[Stats]
accepted = 0.390589
calc_time = 26325
