[Physical]
t_bar = 0.25101334839438666
lambda = 0.251188643150958
start_path = RIGTH


[Simulation]
seed = 426079
n = 793
repeats = 10
delta = 0.28193066455444904
samples = 1000
samples_spacing = 1000


[Values]
eta_0 = 0.005024
eta_d = 0.020000


[Stats]
accepted = 0.390797
calc_time = 1049816
