[Physical]
t_bar = 0.39810717055349726
lambda = 0.251188643150958
start_path = RIGTH


[Simulation]
seed = 471922
n = 500
repeats = 10
delta = 0.28192244370873476
samples = 1000
samples_spacing = 1000


[Values]
eta_0 = 0.005024
eta_d = 0.020000


[Stats]
accepted = 0.390717
calc_time = 671395
