[Physical]
t_bar = 0.6299164091036349
lambda = 0.251188643150958
start_path = RIGTH


[Simulation]
seed = 682229
n = 316
repeats = 10
delta = 0.2819925514514286
samples = 1000
samples_spacing = 1000


[Values]
eta_0 = 0.005024
eta_d = 0.020000


[Stats]
accepted = 0.390607
calc_time = 420797
