[Physical]
t_bar = 0.9952679263837432
lambda = 0.251188643150958
start_path = RIGTH


[Simulation]
seed = 70949
n = 200
repeats = 10
delta = 0.28183794894106123
samples = 1000
samples_spacing = 1000


[Values]
eta_0 = 0.005024
eta_d = 0.020000


[Stats]
accepted = 0.390809
calc_time = 271741
