[Physical]
t_bar = 1.5797903593392748
lambda = 0.251188643150958
start_path = RIGTH


[Simulation]
seed = 259199
n = 126
repeats = 10
delta = 0.28187235742693884
samples = 1000
samples_spacing = 1000


[Values]
eta_0 = 0.005024
eta_d = 0.020000


[Stats]
accepted = 0.390647
calc_time = 171371
