[Physical]
t_bar = 2.488169815959358
lambda = 0.251188643150958
start_path = RIGTH


[Simulation]
seed = 688842
n = 80
repeats = 10
delta = 0.2819403829616327
samples = 1000
samples_spacing = 1000


[Values]
eta_0 = 0.005024
eta_d = 0.020000


[Stats]
accepted = 0.390723
calc_time = 106643
