[Physical]
t_bar = 3.9810717055349727
lambda = 0.251188643150958
start_path = RIGTH


[Simulation]
seed = 43548
n = 50
repeats = 10
delta = 0.28176629680848986
samples = 1000
samples_spacing = 1000


[Values]
eta_0 = 0.005024
eta_d = 0.020000


[Stats]
accepted = 0.390834
calc_time = 66794
