[Physical]
t_bar = 6.220424539898394
lambda = 0.251188643150958
start_path = RIGTH


[Simulation]
seed = 633012
n = 32
repeats = 10
delta = 0.2815813753795919
samples = 1000
samples_spacing = 1000


[Values]
eta_0 = 0.005024
eta_d = 0.020000


[Stats]
accepted = 0.391132
calc_time = 42256
