[Physical]
t_bar = 0.09999547896136861
lambda = 0.3981071705534973
start_path = RIGTH


[Simulation]
seed = 44695
n = 1256
repeats = 10
delta = 0.23589403439804088
samples = 1000
samples_spacing = 1000


[Values]
eta_0 = 0.007962
eta_d = 0.020000


[Stats]
accepted = 0.373813
calc_time = 1705543
