[Physical]
t_bar = 0.15837871573200374
lambda = 0.3981071705534973
start_path = RIGTH


[Simulation]
seed = 576291
n = 793
repeats = 10
delta = 0.23591986048979594
samples = 1000
samples_spacing = 1000


[Values]
eta_0 = 0.007962
eta_d = 0.020000


[Stats]
accepted = 0.373594
calc_time = 1080751
