[Physical]
t_bar = 9.661101659652228
lambda = 0.3981071705534973
start_path = RIGTH


[Simulation]
seed = 370526
n = 13
repeats = 10
delta = 0.2358651432777143
samples = 1000
samples_spacing = 1000


[Values]
eta_0 = 0.007962
eta_d = 0.020000


[Stats]
accepted = 0.373937
calc_time = 17685
