[Physical]
t_bar = 0.25118864315095796
lambda = 0.3981071705534973
start_path = RIGTH


[Simulation]
seed = 290652
n = 500
repeats = 10
delta = 0.2359517806844082
samples = 1000
samples_spacing = 1000


[Values]
eta_0 = 0.007962
eta_d = 0.020000


[Stats]
accepted = 0.373336
calc_time = 683242
