[Physical]
t_bar = 0.3974503847325284
lambda = 0.3981071705534973
start_path = RIGTH


[Simulation]
seed = 275292
n = 316
repeats = 10
delta = 0.23595250573714288
samples = 1000
samples_spacing = 1000


[Values]
eta_0 = 0.007962
eta_d = 0.020000


[Stats]
accepted = 0.373127
calc_time = 430583
