[Physical]
t_bar = 0.6279716078773949
lambda = 0.3981071705534973
start_path = RIGTH


[Simulation]
seed = 924319
n = 200
repeats = 10
delta = 0.23586617673012247
samples = 1000
samples_spacing = 1000


[Values]
eta_0 = 0.007962
eta_d = 0.020000


[Stats]
accepted = 0.373108
calc_time = 270586
