[Physical]
t_bar = 0.9967803299641188
lambda = 0.3981071705534973
start_path = RIGTH


[Simulation]
seed = 92717
n = 126
repeats = 10
delta = 0.2360570421022041
samples = 1000
samples_spacing = 1000


[Values]
eta_0 = 0.007962
eta_d = 0.020000


[Stats]
accepted = 0.372775
calc_time = 169572
