[Physical]
t_bar = 1.5699290196934872
lambda = 0.3981071705534973
start_path = RIGTH


[Simulation]
seed = 374998
n = 80
repeats = 10
delta = 0.23589578409795922
samples = 1000
samples_spacing = 1000


[Values]
eta_0 = 0.007962
eta_d = 0.020000


[Stats]
accepted = 0.372961
calc_time = 107555
