[Physical]
t_bar = 2.5118864315095797
lambda = 0.3981071705534973
start_path = RIGTH


[Simulation]
seed = 677589
n = 50
repeats = 10
delta = 0.23597375247673472
samples = 1000
samples_spacing = 1000


[Values]
eta_0 = 0.007962
eta_d = 0.020000


[Stats]
accepted = 0.372854
calc_time = 67062
