[Physical]
t_bar = 3.924822549233718
lambda = 0.3981071705534973
start_path = RIGTH


[Simulation]
seed = 816168
n = 32
repeats = 10
delta = 0.2359553404009796
samples = 1000
samples_spacing = 1000


[Values]
eta_0 = 0.007962
eta_d = 0.020000


[Stats]
accepted = 0.372894
calc_time = 43079
