[Physical]
t_bar = 6.279716078773949
lambda = 0.3981071705534973
start_path = RIGTH


[Simulation]
seed = 554692
n = 20
repeats = 10
delta = 0.2358026895281633
samples = 1000
samples_spacing = 1000


[Values]
eta_0 = 0.007962
eta_d = 0.020000


[Stats]
accepted = 0.373083
calc_time = 27987
