[Physical]
t_bar = 0.0999302139004485
lambda = 0.6309573444801934
start_path = RIGTH


[Simulation]
seed = 716132
n = 793
repeats = 10
delta = 0.19367604819722453
samples = 1000
samples_spacing = 1000


[Values]
eta_0 = 0.012619
eta_d = 0.020000


[Stats]
accepted = 0.362615
calc_time = 1070889
