[Physical]
t_bar = 0.15848931924611132
lambda = 0.6309573444801934
start_path = RIGTH


[Simulation]
seed = 771066
n = 500
repeats = 10
delta = 0.193739633162449
samples = 1000
samples_spacing = 1000


[Values]
eta_0 = 0.012619
eta_d = 0.020000


[Stats]
accepted = 0.362300
calc_time = 679212
