[Physical]
t_bar = 9.905582452881957
lambda = 0.6309573444801934
start_path = RIGTH


[Simulation]
seed = 784084
n = 8
repeats = 10
delta = 0.19338669471085718
samples = 1000
samples_spacing = 1000


[Values]
eta_0 = 0.012619
eta_d = 0.020000


[Stats]
accepted = 0.362337
calc_time = 10821
