[Physical]
t_bar = 0.25077423931346726
lambda = 0.6309573444801934
start_path = RIGTH


[Simulation]
seed = 668256
n = 316
repeats = 10
delta = 0.19368003347200002
samples = 1000
samples_spacing = 1000


[Values]
eta_0 = 0.012619
eta_d = 0.020000


[Stats]
accepted = 0.362193
calc_time = 429842
