[Physical]
t_bar = 0.3962232981152783
lambda = 0.6309573444801934
start_path = RIGTH


[Simulation]
seed = 22578
n = 200
repeats = 10
delta = 0.1937636449332245
samples = 1000
samples_spacing = 1000


[Values]
eta_0 = 0.012619
eta_d = 0.020000


[Stats]
accepted = 0.361851
calc_time = 273108
