[Physical]
t_bar = 0.6289258700242513
lambda = 0.6309573444801934
start_path = RIGTH


[Simulation]
seed = 131742
n = 126
repeats = 10
delta = 0.19360183629061228
samples = 1000
samples_spacing = 1000


[Values]
eta_0 = 0.012619
eta_d = 0.020000


[Stats]
accepted = 0.362162
calc_time = 171089
