[Physical]
t_bar = 0.9905582452881956
lambda = 0.6309573444801934
start_path = RIGTH


[Simulation]
seed = 880720
n = 80
repeats = 10
delta = 0.19364436277551023
samples = 1000
samples_spacing = 1000


[Values]
eta_0 = 0.012619
eta_d = 0.020000


[Stats]
accepted = 0.361916
calc_time = 108726
