[Physical]
t_bar = 1.5848931924611132
lambda = 0.6309573444801934
start_path = RIGTH


[Simulation]
seed = 205148
n = 50
repeats = 10
delta = 0.19373612684016334
samples = 1000
samples_spacing = 1000


[Values]
eta_0 = 0.012619
eta_d = 0.020000


[Stats]
accepted = 0.361824
calc_time = 67650
