[Physical]
t_bar = 2.476395613220489
lambda = 0.6309573444801934
start_path = RIGTH


[Simulation]
seed = 244963
n = 32
repeats = 10
delta = 0.19407494427102043
samples = 1000
samples_spacing = 1000


[Values]
eta_0 = 0.012619
eta_d = 0.020000


[Stats]
accepted = 0.361218
calc_time = 43624
