[Physical]
t_bar = 3.9622329811527823
lambda = 0.6309573444801934
start_path = RIGTH


[Simulation]
seed = 913823
n = 20
repeats = 10
delta = 0.19335023264130613
samples = 1000
samples_spacing = 1000


[Values]
eta_0 = 0.012619
eta_d = 0.020000


[Stats]
accepted = 0.362317
calc_time = 27052
