[Physical]
t_bar = 6.095743047927359
lambda = 0.6309573444801934
start_path = RIGTH


[Simulation]
seed = 570907
n = 13
repeats = 10
delta = 0.19417733265110204
samples = 1000
samples_spacing = 1000


[Values]
eta_0 = 0.012619
eta_d = 0.020000


[Stats]
accepted = 0.361766
calc_time = 17717
