[Physical]
t_bar = 0.0998003992015968
lambda = 1.0
start_path = RIGTH


[Simulation]
seed = 665133
n = 501
repeats = 10
delta = 0.15686451183020414
samples = 1000
samples_spacing = 1000


[Values]
eta_0 = 0.020000
eta_d = 0.020000


[Stats]
accepted = 0.354802
calc_time = 669855
