[Physical]
t_bar = 0.1582278481012658
lambda = 1.0
start_path = RIGTH


[Simulation]
seed = 434439
n = 316
repeats = 10
delta = 0.15691976953077555
samples = 1000
samples_spacing = 1000


[Values]
eta_0 = 0.020000
eta_d = 0.020000


[Stats]
accepted = 0.355029
calc_time = 423226
