[Physical]
t_bar = 8.333333333333334
lambda = 1.0
start_path = RIGTH


[Simulation]
seed = 559131
n = 6
repeats = 10
delta = 0.15708745473502045
samples = 1000
samples_spacing = 1000


[Values]
eta_0 = 0.020000
eta_d = 0.020000


[Stats]
accepted = 0.354934
calc_time = 8145
