[Physical]
t_bar = 0.25
lambda = 1.0
start_path = RIGTH


[Simulation]
seed = 667872
n = 200
repeats = 10
delta = 0.15674547140506123
samples = 1000
samples_spacing = 1000


[Values]
eta_0 = 0.020000
eta_d = 0.020000


[Stats]
accepted = 0.355555
calc_time = 268293
