[Physical]
t_bar = 0.3968253968253968
lambda = 1.0
start_path = RIGTH


[Simulation]
seed = 855126
n = 126
repeats = 10
delta = 0.15673188124081638
samples = 1000
samples_spacing = 1000


[Values]
eta_0 = 0.020000
eta_d = 0.020000


[Stats]
accepted = 0.355810
calc_time = 167751
