[Physical]
t_bar = 0.625
lambda = 1.0
start_path = RIGTH


[Simulation]
seed = 125101
n = 80
repeats = 10
delta = 0.15689347453910207
samples = 1000
samples_spacing = 1000


[Values]
eta_0 = 0.020000
eta_d = 0.020000


[Stats]
accepted = 0.355388
calc_time = 106481
