[Physical]
t_bar = 0.9803921568627451
lambda = 1.0
start_path = RIGTH


[Simulation]
seed = 162114
n = 51
repeats = 10
delta = 0.15658758511281637
samples = 1000
samples_spacing = 1000


[Values]
eta_0 = 0.020000
eta_d = 0.020000


[Stats]
accepted = 0.355712
calc_time = 68201
