[Physical]
t_bar = 1.5625
lambda = 1.0
start_path = RIGTH


[Simulation]
seed = 747290
n = 32
repeats = 10
delta = 0.15636233587004084
samples = 1000
samples_spacing = 1000


[Values]
eta_0 = 0.020000
eta_d = 0.020000


[Stats]
accepted = 0.356480
calc_time = 43510
