[Physical]
t_bar = 2.5
lambda = 1.0
start_path = RIGTH


[Simulation]
seed = 917728
n = 20
repeats = 10
delta = 0.15718150478367351
samples = 1000
samples_spacing = 1000


[Values]
eta_0 = 0.020000
eta_d = 0.020000


[Stats]
accepted = 0.354837
calc_time = 27412
