[Physical]
t_bar = 3.846153846153846
lambda = 1.0
start_path = RIGTH


[Simulation]
seed = 572949
n = 13
repeats = 10
delta = 0.15668952164244904
samples = 1000
samples_spacing = 1000


[Values]
eta_0 = 0.020000
eta_d = 0.020000


[Stats]
accepted = 0.356494
calc_time = 17985
