[Physical]
t_bar = 6.25
lambda = 1.0
start_path = RIGTH


[Simulation]
seed = 737711
n = 8
repeats = 10
delta = 0.15661455973420413
samples = 1000
samples_spacing = 1000


[Values]
eta_0 = 0.020000
eta_d = 0.020000


[Stats]
accepted = 0.355975
calc_time = 10625
