[Physical]
t_bar = 0.0998003992015968
lambda = 1.584893192461114
start_path = RIGTH


[Simulation]
seed = 983608
n = 501
repeats = 10
delta = 0.09797051428571428
samples = 1000
samples_spacing = 1000


[Values]
eta_0 = 0.020000
eta_d = 0.012619


[Stats]
accepted = 0.358716
calc_time = 673597
