[Physical]
t_bar = 0.1582278481012658
lambda = 1.584893192461114
start_path = RIGTH


[Simulation]
seed = 642281
n = 316
repeats = 10
delta = 0.09800937142857143
samples = 1000
samples_spacing = 1000


[Values]
eta_0 = 0.020000
eta_d = 0.012619


[Stats]
accepted = 0.358671
calc_time = 421897
