[Physical]
t_bar = 8.333333333333334
lambda = 1.584893192461114
start_path = RIGTH


[Simulation]
seed = 397208
n = 6
repeats = 10
delta = 0.09798148571428572
samples = 1000
samples_spacing = 1000


[Values]
eta_0 = 0.020000
eta_d = 0.012619


[Stats]
accepted = 0.358797
calc_time = 8039
