[Physical]
t_bar = 0.25
lambda = 1.584893192461114
start_path = RIGTH


[Simulation]
seed = 248894
n = 200
repeats = 10
delta = 0.09807931428571429
samples = 1000
samples_spacing = 1000


[Values]
eta_0 = 0.020000
eta_d = 0.012619


[Stats]
accepted = 0.358436
calc_time = 265839
