[Physical]
t_bar = 0.3968253968253968
lambda = 1.584893192461114
start_path = RIGTH


[Simulation]
seed = 666780
n = 126
repeats = 10
delta = 0.0980466285714286
samples = 1000
samples_spacing = 1000


[Values]
eta_0 = 0.020000
eta_d = 0.012619


[Stats]
accepted = 0.358683
calc_time = 167347
