[Physical]
t_bar = 0.625
lambda = 1.584893192461114
start_path = RIGTH


[Simulation]
seed = 742905
n = 80
repeats = 10
delta = 0.09795222857142857
samples = 1000
samples_spacing = 1000


[Values]
eta_0 = 0.020000
eta_d = 0.012619


[Stats]
accepted = 0.358925
calc_time = 106719
