[Physical]
t_bar = 0.9803921568627451
lambda = 1.584893192461114
start_path = RIGTH


[Simulation]
seed = 998738
n = 51
repeats = 10
delta = 0.09804822857142859
samples = 1000
samples_spacing = 1000


[Values]
eta_0 = 0.020000
eta_d = 0.012619


[Stats]
accepted = 0.358248
calc_time = 67593
