[Physical]
t_bar = 1.5625
lambda = 1.584893192461114
start_path = RIGTH


[Simulation]
seed = 80206
n = 32
repeats = 10
delta = 0.09802514285714287
samples = 1000
samples_spacing = 1000


[Values]
eta_0 = 0.020000
eta_d = 0.012619


[Stats]
accepted = 0.358668
calc_time = 42514
