[Physical]
t_bar = 2.5
lambda = 1.584893192461114
start_path = RIGTH


[Simulation]
seed = 434799
n = 20
repeats = 10
delta = 0.09816160000000002
samples = 1000
samples_spacing = 1000


[Values]
eta_0 = 0.020000
eta_d = 0.012619


[Stats]
accepted = 0.358198
calc_time = 26649
