[Physical]
t_bar = 3.846153846153846
lambda = 1.584893192461114
start_path = RIGTH


[Simulation]
seed = 517177
n = 13
repeats = 10
delta = 0.09794354285714288
samples = 1000
samples_spacing = 1000


[Values]
eta_0 = 0.020000
eta_d = 0.012619


[Stats]
accepted = 0.359661
calc_time = 17315
