[Physical]
t_bar = 6.25
lambda = 1.584893192461114
start_path = RIGTH


[Simulation]
seed = 460010
n = 8
repeats = 10
delta = 0.09833691428571428
samples = 1000
samples_spacing = 1000


[Values]
eta_0 = 0.020000
eta_d = 0.012619


[Stats]
accepted = 0.357601
calc_time = 10773
