[Physical]
t_bar = 8.333333333333334
lambda = 2.511886431509581
start_path = RIGTH


[Simulation]
seed = 698104
n = 6
repeats = 10
delta = 0.08
samples = 1000
samples_spacing = 1000


[Values]
eta_0 = 0.020000
eta_d = 0.007962


[Stats]
accepted = 0.279852
calc_time = 7978
