[Physical]
t_bar = 0.25
lambda = 2.511886431509581
start_path = RIGTH


[Simulation]
seed = 721014
n = 200
repeats = 10
delta = 0.08
samples = 1000
samples_spacing = 1000


[Values]
eta_0 = 0.020000
eta_d = 0.007962


[Stats]
accepted = 0.280285
calc_time = 267754
