[Physical]
t_bar = 0.3968253968253968
lambda = 2.511886431509581
start_path = RIGTH


[Simulation]
seed = 733232
n = 126
repeats = 10
delta = 0.08
samples = 1000
samples_spacing = 1000


[Values]
eta_0 = 0.020000
eta_d = 0.007962


[Stats]
accepted = 0.280299
calc_time = 168652
