[Physical]
t_bar = 6.25
lambda = 2.511886431509581
start_path = RIGTH


[Simulation]
seed = 552846
n = 8
repeats = 10
delta = 0.08
samples = 1000
samples_spacing = 1000


[Values]
eta_0 = 0.020000
eta_d = 0.007962


[Stats]
accepted = 0.280372
calc_time = 10553
