[Physical]
t_bar = 0.0998003992015968
lambda = 3.981071705534973
start_path = RIGTH


[Simulation]
seed = 510893
n = 501
repeats = 10
delta = 0.04047017142857143
samples = 1000
samples_spacing = 1000


[Values]
eta_0 = 0.020000
eta_d = 0.005024


[Stats]
accepted = 0.346240
calc_time = 672003
