[Physical]
t_bar = 0.1582278481012658
lambda = 3.981071705534973
start_path = RIGTH


[Simulation]
seed = 887206
n = 316
repeats = 10
delta = 0.040476342857142855
samples = 1000
samples_spacing = 1000


[Values]
eta_0 = 0.020000
eta_d = 0.005024


[Stats]
accepted = 0.346481
calc_time = 438458
