[Physical]
t_bar = 8.333333333333334
lambda = 3.981071705534973
start_path = RIGTH


[Simulation]
seed = 187656
n = 6
repeats = 10
delta = 0.04064594285714287
samples = 1000
samples_spacing = 1000


[Values]
eta_0 = 0.020000
eta_d = 0.005024


[Stats]
accepted = 0.345179
calc_time = 7955
