[Physical]
t_bar = 0.25
lambda = 3.981071705534973
start_path = RIGTH


[Simulation]
seed = 408768
n = 200
repeats = 10
delta = 0.04046628571428572
samples = 1000
samples_spacing = 1000


[Values]
eta_0 = 0.020000
eta_d = 0.005024


[Stats]
accepted = 0.346673
calc_time = 278242
