[Physical]
t_bar = 0.3968253968253968
lambda = 3.981071705534973
start_path = RIGTH


[Simulation]
seed = 550522
n = 126
repeats = 10
delta = 0.04047542857142857
samples = 1000
samples_spacing = 1000


[Values]
eta_0 = 0.020000
eta_d = 0.005024


[Stats]
accepted = 0.346768
calc_time = 174716
