[Physical]
t_bar = 0.625
lambda = 3.981071705534973
start_path = RIGTH


[Simulation]
seed = 644660
n = 80
repeats = 10
delta = 0.04057165714285715
samples = 1000
samples_spacing = 1000


[Values]
eta_0 = 0.020000
eta_d = 0.005024


[Stats]
accepted = 0.345910
calc_time = 112106
