[Physical]
t_bar = 0.9803921568627451
lambda = 3.981071705534973
start_path = RIGTH


[Simulation]
seed = 697546
n = 51
repeats = 10
delta = 0.04045005714285715
samples = 1000
samples_spacing = 1000


[Values]
eta_0 = 0.020000
eta_d = 0.005024


[Stats]
accepted = 0.346602
calc_time = 71359
