[Physical]
t_bar = 1.5625
lambda = 3.981071705534973
start_path = RIGTH


[Simulation]
seed = 850230
n = 32
repeats = 10
delta = 0.04048685714285715
samples = 1000
samples_spacing = 1000


[Values]
eta_0 = 0.020000
eta_d = 0.005024


[Stats]
accepted = 0.346625
calc_time = 44822
