[Physical]
t_bar = 2.5
lambda = 3.981071705534973
start_path = RIGTH


[Simulation]
seed = 724752
n = 20
repeats = 10
delta = 0.0405552
samples = 1000
samples_spacing = 1000


[Values]
eta_0 = 0.020000
eta_d = 0.005024


[Stats]
accepted = 0.346036
calc_time = 27989
