[Physical]
t_bar = 3.846153846153846
lambda = 3.981071705534973
start_path = RIGTH


[Simulation]
seed = 702087
n = 13
repeats = 10
delta = 0.04069028571428572
samples = 1000
samples_spacing = 1000


[Values]
eta_0 = 0.020000
eta_d = 0.005024


[Stats]
accepted = 0.345543
calc_time = 18194
