[Physical]
t_bar = 6.25
lambda = 3.981071705534973
start_path = RIGTH


[Simulation]
seed = 675378
n = 8
repeats = 10
delta = 0.040580114285714286
samples = 1000
samples_spacing = 1000


[Values]
eta_0 = 0.020000
eta_d = 0.005024


[Stats]
accepted = 0.345773
calc_time = 11361
