[Physical]
t_bar = 0.0998003992015968
lambda = 6.309573444801933
start_path = RIGTH


[Simulation]
seed = 394475
n = 501
repeats = 10
delta = 0.02554674285714286
samples = 1000
samples_spacing = 1000


[Values]
eta_0 = 0.020000
eta_d = 0.003170


[Stats]
accepted = 0.346112
calc_time = 614800
