[Physical]
t_bar = 0.1582278481012658
lambda = 6.309573444801933
start_path = RIGTH


[Simulation]
seed = 590731
n = 316
repeats = 10
delta = 0.02555291428571429
samples = 1000
samples_spacing = 1000


[Values]
eta_0 = 0.020000
eta_d = 0.003170


[Stats]
accepted = 0.346312
calc_time = 409552
