[Physical]
t_bar = 8.333333333333334
lambda = 6.309573444801933
start_path = RIGTH


[Simulation]
seed = 264892
n = 6
repeats = 10
delta = 0.025502857142857143
samples = 1000
samples_spacing = 1000


[Values]
eta_0 = 0.020000
eta_d = 0.003170


[Stats]
accepted = 0.347077
calc_time = 8316
