[Physical]
t_bar = 0.25
lambda = 6.309573444801933
start_path = RIGTH


[Simulation]
seed = 47512
n = 200
repeats = 10
delta = 0.02550034285714286
samples = 1000
samples_spacing = 1000


[Values]
eta_0 = 0.020000
eta_d = 0.003170


[Stats]
accepted = 0.347106
calc_time = 275194
