[Physical]
t_bar = 0.3968253968253968
lambda = 6.309573444801933
start_path = RIGTH


[Simulation]
seed = 600211
n = 126
repeats = 10
delta = 0.02561462857142857
samples = 1000
samples_spacing = 1000


[Values]
eta_0 = 0.020000
eta_d = 0.003170


[Stats]
accepted = 0.345779
calc_time = 176435
