[Physical]
t_bar = 0.625
lambda = 6.309573444801933
start_path = RIGTH


[Simulation]
seed = 554269
n = 80
repeats = 10
delta = 0.025544914285714284
samples = 1000
samples_spacing = 1000


[Values]
eta_0 = 0.020000
eta_d = 0.003170


[Stats]
accepted = 0.346619
calc_time = 110970
