[Physical]
t_bar = 0.9803921568627451
lambda = 6.309573444801933
start_path = RIGTH


[Simulation]
seed = 188697
n = 51
repeats = 10
delta = 0.025418285714285716
samples = 1000
samples_spacing = 1000


[Values]
eta_0 = 0.020000
eta_d = 0.003170


[Stats]
accepted = 0.347927
calc_time = 71177
