[Physical]
t_bar = 1.5625
lambda = 6.309573444801933
start_path = RIGTH


[Simulation]
seed = 572356
n = 32
repeats = 10
delta = 0.025552685714285716
samples = 1000
samples_spacing = 1000


[Values]
eta_0 = 0.020000
eta_d = 0.003170


[Stats]
accepted = 0.346553
calc_time = 44584
