[Physical]
t_bar = 2.5
lambda = 6.309573444801933
start_path = RIGTH


[Simulation]
seed = 525023
n = 20
repeats = 10
delta = 0.02553874285714286
samples = 1000
samples_spacing = 1000


[Values]
eta_0 = 0.020000
eta_d = 0.003170


[Stats]
accepted = 0.346631
calc_time = 27904
