[Physical]
t_bar = 3.846153846153846
lambda = 6.309573444801933
start_path = RIGTH


[Simulation]
seed = 223524
n = 13
repeats = 10
delta = 0.025548114285714286
samples = 1000
samples_spacing = 1000


[Values]
eta_0 = 0.020000
eta_d = 0.003170


[Stats]
accepted = 0.347125
calc_time = 18176
