[Physical]
t_bar = 6.25
lambda = 6.309573444801933
start_path = RIGTH


[Simulation]
seed = 658803
n = 8
repeats = 10
delta = 0.025699200000000005
samples = 1000
samples_spacing = 1000


[Values]
eta_0 = 0.020000
eta_d = 0.003170


[Stats]
accepted = 0.344682
calc_time = 10843
